[MULTIPLICATION RESULTS]
[THE TIMES IS]:  0.11110305786132812
[THIS IS THE MATRIX]: 
 [[    0 19745 16422 25201 15289 16899 18723 20920 32032     0]
 [    0     0     0     0     0     0     0     0     0     0]
 [    0     0     0     0     0     0     0     0     0     0]
 [    0     0     0     0     0     0     0     0     0     0]
 [    0     0     0     0     0     0     0     0     0     0]
 [    0     0     0     0     0     0     0     0     0     0]
 [    0     0     0     0     0     0     0     0     0     0]
 [    0     0     0     0     0     0     0     0     0     0]
 [    0     0     0     0     0     0     0     0     0     0]
 [    0 19008 14695 24836 10786 13932 18564 19606 28362     0]]