[MULTIPLICATION RESULTS]
[THE TIMES IS]:  0.16498565673828125
[THIS IS THE MATRIX]: 
 [[3710  890  875  825 1110  715 1270  775  625 2385]
 [1670 8130 1445 1395 1680 1285 1840 1345 3280 1360]
 [1350 1140 7209 1075 1360  965 1520 3779  875 1040]
 [1120  910  895 2479 1130  735 5321  795  645  810]
 [1230 1020 1005  955 6173 2303 1400  905  755  920]
 [1390 1180 1165 1115 8504 3097 1560 1065  915 1080]
 [1245 1035 1020 4674 1255  860 7073  920  770  935]
 [1285 1075 6130 1010 1295  900 1455 3350  810  975]
 [1450 5162 1225 1175 1460 1065 1620 1125 3536 1140]
 [6895 1060 1045  995 1280  885 1440  945  795 3060]]